   1.0000000000000000        4.0000000000000000        1.3999999999999999     
   1.0000000000000000        4.0000000000000000        1.3999999999999999     
   1.0000000000000000        4.0000000000000000        1.3999999999999999     
   1.0000000000000000        4.0000000000000000        1.3999999999999999     
   1.0000000000000000        4.0000000000000000        1.3999999999999999     
   2.2487591365181867        3.0471384229023450        1.5818831289080564     
   3.2273437720336497        2.2667317377491667        1.7131814213965153     
   3.9382813883233170        1.7121711024014794        1.8127029227964866     
   4.5012809400637677        1.2699638622186216        1.8905003300983803     
   4.6453655082675898       0.90225952759956685        1.9558860720096816     
   3.8497073408178846       0.56458826981342947        1.9752946665137243     
   2.6415684274391724       0.23433841537626116        1.8222889555994080     
   1.3286471410578664        2.4652309254456592E-002   1.5068065471686900     
   1.0214512440334464        6.4053802943463232E-004   1.4079399595839439     
   1.0311273079059253       -4.7002426526950388E-004   1.4129209474276396     
   1.0271402372126361        1.0052293920115882E-004   1.4107555719458533     
   1.0030670492458416       -7.9878759238558725E-005   1.4013066984575753     
  0.95482060820338588        7.6343677833119885E-005   1.3818518996035212     
  0.96950845953425291       -4.9876967639868678E-005   1.3878532607813410     
  0.99999999999999978        0.0000000000000000        1.3999999999999999     
   1.0000000000000000        4.0000000000000000        1.3999999999999999     
   1.0000000000000000        4.0000000000000000        1.3999999999999999     
   1.0000000000000000        4.0000000000000000        1.3999999999999999     
   1.0000000000000000        4.0000000000000000        1.3999999999999999     
   1.0000000000000000        4.0000000000000000        1.3999999999999999     
   2.2487591365181867        3.0471384229023450        1.5818831289080564     
   3.2273437720336497        2.2667317377491667        1.7131814213965153     
   3.9382813883233170        1.7121711024014794        1.8127029227964866     
   4.5012809400637677        1.2699638622186216        1.8905003300983803     
   4.6453655082675898       0.90225952759956685        1.9558860720096816     
   3.8497073408178846       0.56458826981342947        1.9752946665137243     
   2.6415684274391724       0.23433841537626116        1.8222889555994080     
   1.3286471410578664        2.4652309254456592E-002   1.5068065471686900     
   1.0214512440334464        6.4053802943463232E-004   1.4079399595839439     
   1.0311273079059253       -4.7002426526950388E-004   1.4129209474276396     
   1.0271402372126361        1.0052293920115882E-004   1.4107555719458533     
   1.0030670492458416       -7.9878759238558725E-005   1.4013066984575753     
  0.95482060820338588        7.6343677833119885E-005   1.3818518996035212     
  0.96950845953425291       -4.9876967639868678E-005   1.3878532607813410     
  0.99999999999999978        0.0000000000000000        1.3999999999999999     
   1.0000000000000000        4.0000000000000000        1.3999999999999999     
   1.0000000000000000        4.0000000000000000        1.3999999999999999     
   1.0000000000000000        4.0000000000000000        1.3999999999999999     
   1.0000000000000000        4.0000000000000000        1.3999999999999999     
   1.0000000000000000        4.0000000000000000        1.3999999999999999     
   2.2541072775077886        3.0434434019203289        1.5827907116432249     
   3.2336483819401414        2.2626159473906999        1.7143313352396232     
   3.9429474268680993        1.7093198056821481        1.8136189059746224     
   4.5046505623087638        1.2682028594952792        1.8912611780885979     
   4.6443619345682841       0.90115186657392421        1.9565923760470807     
   3.8485663269034367       0.56380771743310010        1.9756188133282744     
   2.6394397191652752       0.23384914551634198        1.8219267421497680     
   1.3273519485277139        2.4528090884842556E-002   1.5064126885262430     
   1.0215034270428058        6.4513998006593930E-004   1.4079562308370563     
   1.0310846967583420       -4.7208389450606138E-004   1.4129059625978428     
   1.0271486680572925        1.0099526001117729E-004   1.4107584719629058     
   1.0030594140374327       -8.0168848279803506E-005   1.4013039344632530     
  0.95482349911077069        7.6496072501304189E-005   1.3818529035718070     
  0.96950494182228730       -4.9970918489179561E-005   1.3878519476474040     
  0.99999999999999978        0.0000000000000000        1.3999999999999999     
   1.0000000000000000        4.0000000000000000        1.3999999999999999     
   1.0000000000000000        4.0000000000000000        1.3999999999999999     
   1.0000000000000000        4.0000000000000000        1.3999999999999999     
   1.0000000000000000        4.0000000000000000        1.3999999999999999     
   1.0000000000000000        4.0000000000000000        1.3999999999999999     
   2.2819358631984024        3.0238660503184644        1.5873963620521823     
   3.2619084598539843        2.2441643619729068        1.7194848379325625     
   3.9635749462984164        1.6967422414859996        1.8176773923480332     
   4.5194677036836453        1.2604924498026722        1.8946178980743464     
   4.6398700175339327       0.89629758497118228        1.9596501192382985     
   3.8433859531176155       0.56038441344041789        1.9769699678066284     
   2.6300078605108981       0.23170160892212510        1.8203015352822340     
   1.3216837616447374        2.3985823314761585E-002   1.5046876813431334     
   1.0217346569559460        6.6530022653114732E-004   1.4080285625558473     
   1.0308981969706683       -4.8098588465365384E-004   1.4128402646729210     
   1.0271855256555964        1.0303293909372697E-004   1.4107711773231448     
   1.0030259813642179       -8.1415148447691848E-005   1.4012918076941348     
  0.95483603346349089        7.7143590004931484E-005   1.3818572697953915     
  0.96948956115409379       -5.0369330412378967E-005   1.3878461937920499     
  0.99999999999999978        0.0000000000000000        1.3999999999999999     
   1.0000000000000000        4.0000000000000000        1.3999999999999999     
   1.0000000000000000        4.0000000000000000        1.3999999999999999     
   1.0000000000000000        4.0000000000000000        1.3999999999999999     
   1.0000000000000000        4.0000000000000000        1.3999999999999999     
   1.0000000000000000        4.0000000000000000        1.3999999999999999     
   2.3562044959948354        2.9708333796403870        1.5994262582780632     
   3.3292494437074489        2.1999063895333917        1.7316685739941100     
   4.0100777734740234        1.6685494911126852        1.8268809397605044     
   4.5526395312986221        1.2434331646448873        1.9022002007343946     
   4.6294627960782764       0.88552375541749007        1.9662612766947769     
   3.8309925935052829       0.55276808522871335        1.9796289521733998     
   2.6085528584449333       0.22691810602296678        1.8165030373550066     
   1.3091837626067164        2.2796916263701575E-002   1.5008765887789850     
   1.0222618578309617        7.0979143771612190E-004   1.4081949516946686     
   1.0304872492757655       -4.9994519138287668E-004   1.4126948449016892     
   1.0272666196047449        1.0735043108041614E-004   1.4107992974108174     
   1.0029522563480104       -8.4024886167227645E-005   1.4012649274253715     
  0.95486293248027043        7.8455993193842172E-005   1.3818667169989143     
  0.96945569858090941       -5.1172071972741844E-005   1.3878334515043365     
  0.99999999999999978        0.0000000000000000        1.3999999999999999     
   1.0000000000000000        4.0000000000000000        1.3999999999999999     
   1.0000000000000000        4.0000000000000000        1.3999999999999999     
   1.0000000000000000        4.0000000000000000        1.3999999999999999     
   1.0000000000000000        4.0000000000000000        1.3999999999999999     
   1.0000000000000000        4.0000000000000000        1.3999999999999999     
   2.5082685052495881        2.8591584224824884        1.6230268762606648     
   3.4320887896437453        2.1321160933442305        1.7502075469722416     
   4.0767577964475690        1.6284240491371114        1.8401778016247314     
   4.6000777840793434        1.2194906362298836        1.9131946590413913     
   4.6138186408226538       0.87031834957276411        1.9752090922874437     
   3.8116104341626791       0.54196410644218440        1.9826800672228870     
   2.5771638051767192       0.22012651413758960        1.8107390079330981     
   1.2917796017662841        2.1156572149406642E-002   1.4955552685571070     
   1.0230359572643817        7.7150766271554081E-004   1.4084428752430371     
   1.0299165744315304       -5.2467368694928437E-004   1.4124913034595614     
   1.0273789441175605        1.1292681831059620E-004   1.4108386508287136     
   1.0028497598419044       -8.7319102543941405E-005   1.4012272230393057     
  0.95489848164416058        8.0002213127456002E-005   1.3818793904445368     
  0.96940869486698611       -5.2105264057674459E-005   1.3878155832108521     
  0.99999999999999978        0.0000000000000000        1.3999999999999999     
   1.0000000000000000        4.0000000000000000        1.3999999999999999     
   1.0000000000000000        4.0000000000000000        1.3999999999999999     
   1.0000000000000000        4.0000000000000000        1.3999999999999999     
   1.0000000000000000        4.0000000000000000        1.3999999999999999     
   1.8374573019585885        3.3752400850678934        1.5267296158060664     
   2.7994521987120313        2.6412374146497291        1.6668600177013888     
   3.5659649351244993        2.0450298649538343        1.7747292623677444     
   4.1629405578489491        1.5767705361101940        1.8574330685096443     
   4.6611281486084826        1.1890711901361624        1.9274749894766747     
   4.5920977350620422       0.85083761149571080        1.9860014810901332     
   3.7838403507188136       0.52801700145180641        1.9855191388357190     
   2.5352436846518227       0.21136165163045753        1.8027358222302716     
   1.2699828509259130        1.9126391240577422E-002   1.4888667491297878     
   1.0240700446528899        8.4764144071545415E-004   1.4087803764204405     
   1.0292060645076591       -5.5255155956853937E-004   1.4122349773626321     
   1.0275180867858849        1.1911166312859718E-004   1.4108881230512254     
   1.0027219151364282       -9.0829373995669619E-005   1.4011795954285668     
  0.95493938203675577        8.1433392998359676E-005   1.3818943194217039     
  0.96935017088997544       -5.2942342843110607E-005   1.3877930106988332     
  0.99999999999999978        0.0000000000000000        1.3999999999999999     
   1.0000000000000000        4.0000000000000000        1.3999999999999999     
   1.0000000000000000        4.0000000000000000        1.3999999999999999     
   1.0000000000000000        4.0000000000000000        1.3999999999999999     
   1.7604913223640946        3.4448892544151493        1.5191596137506875     
   2.4455337055172679        2.9284882707481983        1.6210429057896398     
   3.1155327564326756        2.4173070313720566        1.7186487796970891     
   3.7337034290208111        1.9357098607442247        1.8053846585230660     
   4.2686529698951290        1.5138950484747384        1.8787595374496311     
   4.7360313669449248        1.1515495230202559        1.9449290533682853     
   4.5621096516913866       0.82647607571745774        1.9983677848807142     
   3.7448929439850840       0.51041818824056573        1.9875389893534678     
   2.4804658636506103       0.20032876955393472        1.7918575759063093     
   1.2437032747878112        1.6715364761223529E-002   1.4807659451539010     
   1.0254071316346181        9.3599426370038986E-004   1.4092268583901468     
   1.0283597447449833       -5.8080008101715991E-004   1.4119246979790105     
   1.0276822115755770        1.2519770641905955E-004   1.4109476869238118     
   1.0025691020699794       -9.4022329229118281E-005   1.4011216631572210     
  0.95498224979170354        8.2314700915609527E-005   1.3819105852157658     
  0.96928039353377571       -5.3397370904369647E-005   1.3877655547844145     
  0.99999999999999978        0.0000000000000000        1.3999999999999999     
   1.8623043126937677        3.3905722436361989        1.5417791396229068     
   1.8765800728343356        3.3803917950673554        1.5440959608228526     
   1.9983389249790173        3.2909155842209796        1.5629740980652667     
   2.4306459338823903        2.9676946209634236        1.6281565805407641     
   2.9166724211932955        2.5996582816180189        1.6998883956833246     
   3.4198017959540650        2.2109849680595541        1.7715823744014776     
   3.9204524336375290        1.8156344279347683        1.8400591160999344     
   4.3902149987814498        1.4419836270674786        1.9034138752017395     
   4.8223640803942116        1.1075318708066701        1.9647893950414401     
   4.5219883427252405       0.79731357887963195        2.0114817582081193     
   3.6925100680585365       0.48910190619518212        1.9879021210282326     
   2.4117869048659548       0.18704179114125760        1.7776729708051242     
   1.2138814962125235        1.4031881342471858E-002   1.4715207171425375     
   1.0270303670911565        1.0282498533193398E-003   1.4097838969831433     
   1.0274217236584597       -6.0418145511528852E-004   1.4115728709184991     
   1.0278608489925944        1.2991634143105663E-004   1.4110144232556068     
   1.0023985083606894       -9.6016350447114779E-005   1.4010554196947229     
  0.95502018959731072        8.2007936514335390E-005   1.3819260679024099     
  0.96920280509038670       -5.3055545225654934E-005   1.3877341775813803     
  0.99999999999999978        0.0000000000000000        1.3999999999999999     
   2.5691330786274680        2.9045913384825455        1.6625170109451692     
   2.5910244785779586        2.8882406699393051        1.6658233480776186     
   2.7021313149162465        2.8047257425145666        1.6824277734713542     
   2.9690703695314156        2.6013827299329186        1.7214223911235393     
   3.3170641492838575        2.3310045611244532        1.7704938467550275     
   3.7040441583692556        2.0240405977198797        1.8229645292543288     
   4.1128054836121315        1.6938203801239151        1.8763956534861579     
   4.5217710584042674        1.3645516660310741        1.9302256453720650     
   4.9163952798059576        1.0582686772619947        1.9859297098373665     
   4.4699987834837644       0.76374891054590444        2.0242506028475611     
   3.6248963481869971       0.46424014322417562        1.9857183960506233     
   2.3290342116239078       0.17170398472503223        1.7599096999245309     
   1.1820569760854296        1.1238384024954954E-002   1.4615844064092169     
   1.0288577209237029        1.1110718399806535E-003   1.4104320165295006     
   1.0264633917656663       -6.1617193507548633E-004   1.4112015286413420     
   1.0280374750687249        1.3173590999306204E-004   1.4110832541174969     
   1.0022215855809546       -9.5794169959905861E-005   1.4009844284023418     
  0.95504419376809424        7.9822221263045886E-005   1.3819378552859747     
  0.96912284184864750       -5.1470183158485571E-005   1.3877006069226174     
  0.99999999999999978        0.0000000000000000        1.3999999999999999     
   3.1142573330480561        2.5447411459118658        1.7606166485231776     
   3.1326292945168355        2.5302884303635258        1.7631478612612426     
   3.2166064426084020        2.4639364256286447        1.7746213855862423     
   3.4070060751080984        2.3119605440515758        1.8001226113937647     
   3.6646805768887010        2.1030294149679563        1.8335487024114658     
   3.9666032494763570        1.8539382854674202        1.8712873949463495     
   4.3028942973263709        1.5744800625003328        1.9126510730973261     
   4.6582693364914585        1.2846534184604059        1.9581922074167186     
   5.0189965469516906        1.0050769224525786        2.0069507885872544     
   4.4037448328522428       0.72596254334811694        2.0355353897927797     
   3.5402791608251731       0.43599383301110012        1.9801178313189691     
   2.2321150628259563       0.15454600420576917        1.7383000209246133     
   1.1498600748133612        8.5008981162989841E-003   1.4514431318090455     
   1.0307516983657745        1.1680771763152109E-003   1.4111326021699946     
   1.0255669949833246       -6.1017467426465420E-004   1.4108369726675944     
   1.0281929653370021        1.2916611896102449E-004   1.4111480200158397     
   1.0020508067278939       -9.2407551193906420E-005   1.4009127302423514     
  0.95504458127624514        7.5149049705167616E-005   1.3819426834607929     
  0.96904641763396526       -4.8249582961253813E-005   1.3876668166365473     
  0.99999999999999978        0.0000000000000000        1.3999999999999999     
   3.5533418194787094        2.2582054476540097        1.8407385436761536     
   3.5673018356864743        2.2464938707188993        1.8424186911808895     
   3.6302025632739046        2.1935606502000744        1.8499345753762533     
   3.7719482507787805        2.0733980889898902        1.8665786633081423     
   3.9681006146362652        1.9051900568251317        1.8889702647962165     
   4.2070731299095812        1.6983775767230673        1.9156217775381881     
   4.4859226152858973        1.4592239991231004        1.9474437124887256     
   4.7946187494508372        1.2043178044106684        1.9859534345819654     
   4.9385826847183854       0.94849415031834716        2.0268329518257757     
   4.3197363832011515       0.68369903571782109        2.0441955175626396     
   3.4371081649703261       0.40458838539956676        1.9702548805885636     
   2.1209855938488960       0.13582404777656976        1.7125701897629886     
   1.1189256044764786        5.9785133480629278E-003   1.4415917284425286     
   1.0325198594843330        1.1812123273106060E-003   1.4118267314664226     
   1.0248201705201572       -5.8038035082352683E-004   1.4105084485588864     
   1.0283071195485129        1.2098767179058278E-004   1.4112018601476146     
   1.0018984304623035       -8.5136931473237429E-005   1.4008445091163946     
  0.95501186362277335        6.7581705007962764E-005   1.3819371637441014     
  0.96897930274572386       -4.3136115139664101E-005   1.3876348572134292     
  0.99999999999999978        0.0000000000000000        1.3999999999999999     
   3.9142038169843438        2.0210548137471815        1.9060331313761314     
   3.9247860456236747        2.0114813559706879        1.9070748702396993     
   3.9724269713862399        1.9683164606055981        1.9117429420896952     
   4.0803660266514941        1.8700389795494934        1.9221594038437622     
   4.2328301805214457        1.7304252118369923        1.9366071428209091     
   4.4247893918969243        1.5555955025846231        1.9551142576203109     
   4.6579871417940648        1.3489668362343841        1.9795171354624206     
   4.9267803344327046        1.1241045017924320        2.0120802731300240     
   4.8347140524252952       0.88909464295775453        2.0447908470263245     
   4.2175265314136148       0.63777907759605457        2.0492315349693913     
   3.3135035677489153       0.37022285503820174        1.9551785720613644     
   1.9966510876239099       0.11597647603203329        1.6826839590175307     
   1.0909247161875979        3.8204347997199202E-003   1.4325494516753192     
   1.0339188118114320        1.1334188676263334E-003   1.4124341058569465     
   1.0243093971050665       -5.2316429003807256E-004   1.4102469231320647     
   1.0283608791981140        1.0660162550118163E-004   1.4112377500537445     
   1.0017752778156623       -7.3729561234871062E-005   1.4007838406874999     
  0.95493821886687624        5.7094482143481944E-005   1.3819181930646069     
  0.96892648735853903       -3.6124400194711532E-005   1.3876067193436104     
  0.99999999999999978        0.0000000000000000        1.3999999999999999     
   4.2135200409108560        1.8190399070572589        1.9584213187167621     
   4.2216380810569794        1.8110514000946931        1.9590056991210227     
   4.2582673023862068        1.7749589419866176        1.9616265682833554     
   4.3420288884352738        1.6923244776976667        1.9675863812733316     
   4.4627830168707012        1.5740341407941443        1.9764579203463286     
   4.6193192817494282        1.4241395013972875        1.9891075464988670     
   4.8161760144074464        1.2441853371924432        2.0078655181604441     
   5.0509461640825926        1.0447003789449560        2.0350627436391466     
   4.7178125964674287       0.82767570941359780        2.0594493290828675     
   4.0967315508884070       0.58905611328903607        2.0496365070663267     
   3.1683668920535530       0.33330783510278833        1.9340389217186329     
   1.8612808167733137        9.5601295200567996E-002   1.6489110315087574     
   1.0673332524801276        2.1411737152896362E-003   1.4247921272767614     
   1.0347017656351085        1.0140253477159068E-003   1.4128666809063275     
   1.0241009900069713       -4.3881068110342343E-004   1.4100792066838921     
   1.0283409704168613        8.6414949184712399E-005   1.4112499732175598     
   1.0016877255941843       -5.8634855785744042E-005   1.4007337250934595     
  0.95481948181573961        4.4192372538289896E-005   1.3818836003537576     
  0.96889074897948013       -2.7560054187054485E-005   1.3875838596459791     
  0.99999999999999978        0.0000000000000000        1.3999999999999999     
   4.4621584582029561        1.6427357710214789        1.9991086402883420     
   4.4684784662757391        1.6359048896168262        1.9993596830492375     
   4.4971118783901769        1.6050373730710947        2.0005238757131023     
   4.5633398532829101        1.5343169323049390        2.0034415854148104     
   4.6607179121702211        1.4326278151814082        2.0084964365952245     
   4.7904365002730218        1.3027107582278086        2.0170781861851448     
   4.9586654693565260        1.1451951502077760        2.0318645688392114     
   5.0509886817637115       0.96635953955346099        2.0533909031314908     
   4.5843299713918055       0.76433535352598281        2.0693966350306963     
   3.9565931480136967       0.53822040317733255        2.0444168560281462     
   3.0014954522459019       0.29442364437760676        1.9061745365207541     
   1.7186867444442520        7.5470316041800545E-002   1.6120043817359002     
   1.0491946940485857        9.9712698814326565E-004   1.4186807506312911     
   1.0346843826186569        8.2442008580916216E-004   1.4130493329616536     
   1.0242209337436070       -3.3282430120902095E-004   1.4100211977986519     
   1.0282444553351073        6.2073304579098583E-005   1.4112357088294638     
   1.0016349738372199       -4.1121486001894078E-005   1.4006951110208898     
  0.95465673006129537        2.9961010841493644E-005   1.3818327310136767     
  0.96887140464172905       -1.8172179371505840E-005   1.3875667340360631     
  0.99999999999999978        0.0000000000000000        1.3999999999999999     
   4.6673844100289950        1.4859452669094366        2.0289355196480767     
   4.6724010200007964        1.4800414426834967        2.0289742222281508     
   4.6952188582784906        1.4533461493374518        2.0292029264238800     
   4.7485641249224715        1.3921092948245495        2.0301287482438384     
   4.8284369301514882        1.3037441571024933        2.0326228244280928     
   4.9374401880091670        1.1901811736474457        2.0383697997422239     
   5.0829722729252200        1.0516140458515877        2.0502888286663437     
   4.8876634063793682       0.88877095835309938        2.0662942780665583     
   4.4315965496935918       0.69927900134796861        2.0733596185294680     
   3.7960615503845103       0.48581087860175320        2.0326137415520509     
   2.8138606641408019       0.25430953544653728        1.8712347302097836     
   1.5748083300390108        5.6517451178286257E-002   1.5734058808373181     
   1.0369405316107687        3.7224315281723426E-004   1.4144039694914903     
   1.0338139335179664        5.8205809302557931E-004   1.4129435153141610     
   1.0246388727005544       -2.1624265640756720E-004   1.4100717917366294     
   1.0280817619637093        3.6402963393332979E-005   1.4111963018220903     
   1.0016075703719540       -2.3195055940469600E-005   1.4006662232047220     
  0.95445698266311130        1.5966619983140394E-005   1.3817668264452614     
  0.96886369720848686       -9.0064104242206034E-006   1.3875544852938189     
  0.99999999999999978        0.0000000000000000        1.3999999999999999     
   4.8341149892298017        1.3449920247246014        2.0486433372667876     
   4.8381722245807559        1.3398387461713424        2.0485484718894167     
   4.8566823460878989        1.3165457775697307        2.0481881976250698     
   4.9004075541336105        1.2630360419982036        2.0478417023195106     
   4.9670086769679980        1.1855866300076241        2.0486656807713293     
   5.0597012825646051        1.0857307514404060        2.0524550351707291     
   5.0608673501465455       0.96218467395008067        2.0617306482643873     
   4.7113843557866053       0.81159571502210759        2.0729580272794168     
   4.2597619968485887       0.63349496945554651        2.0704098292838888     
   3.6137215714771322       0.43225237528743843        2.0132362533034143     
   2.6079270836571333       0.21386900517587765        1.8293018282869757     
   1.4375492105305057        3.9730174217280312E-002   1.5352895099949220     
   1.0302568748130803        1.7439625822903031E-004   1.4119283536670031     
   1.0322198834691365        3.2037498449554835E-004   1.4125675784031591     
   1.0252628149346177       -1.0429540894918526E-004   1.4102094213827963     
   1.0278766368357772        1.2946633305604000E-005   1.4111377081010053     
   1.0015880565052004       -7.2515855965645043E-006   1.4006424741876768     
  0.95423243396603374        3.9694331849247607E-006   1.3816890041532286     
  0.96885920909141998       -1.2335249864665139E-006   1.3875449171615544     
  0.99999999999999978        0.0000000000000000        1.3999999999999999     
   4.9654147584641128        1.2173329240468018        2.0586102114008469     
   4.9687480318383654        1.2127946501364357        2.0584307627801333     
   4.9840140114094833        1.1923014182364513        2.0577060773010722     
   5.0204428455131245        1.1451936570114691        2.0565750215693392     
   5.0767384527849133        1.0769926340165179        2.0563531435852100     
   5.1264384758756094       0.98867617779614581        2.0589672072680698     
   4.8533894945678115       0.87569511773189135        2.0656606528380377     
   4.5171608210792762       0.73482900091599834        2.0720353275157111     
   4.0679893485645486       0.56764330565381360        2.0595524337720059     
   3.4085050611744885       0.37805356196337125        1.9853484625064242     
   2.3874228627299101       0.17410047783267255        1.7808686672592915     
   1.3152954546364537        2.5916574912051332E-002   1.5002016069425301     
   1.0280643173335136        2.5015190809502550E-004   1.4109755750253103     
   1.0302150260301193        8.2252032720105052E-005   1.4120037583793277     
   1.0259521618399154       -1.2977119548704091E-005   1.4103938418555149     
   1.0276617504644736       -4.9222929394671168E-006   1.4110696224787289     
   1.0015543481382563        4.5294021248593199E-006   1.4006172098531777     
  0.95399782514764386       -4.5315561516183178E-006   1.3816036616152092     
  0.96884755006424372        4.1560433891355721E-006   1.3875348639823084     
  0.99999999999999978        0.0000000000000000        1.3999999999999999     
   5.0629899076946527        1.1010614456495886        2.0588827003936916     
   5.0657179925563414        1.0970829461779055        2.0586475277947720     
   5.0783400328158379        1.0790698570964417        2.0576875307870899     
   5.1098445105918771        1.0374964278528751        2.0559912923508139     
   5.0837064303258455       0.97681106744238111        2.0550802657709033     
   4.8833246251949296       0.89638116635405196        2.0569483779693076     
   4.6320932204689784       0.79111252257048237        2.0617247656160003     
   4.3053228187811268       0.65925587449900180        2.0628732530134490     
   3.8551331476886497       0.50217258818596600        2.0398806708894939     
   3.1797429793336280       0.32378679198274402        1.9481103997507072     
   2.1572247657772055       0.13605856422730492        1.7268313420835772     
   1.2146511289599085        1.5473512657374533E-002   1.4703869389265889     
   1.0286976822933711        4.2178607703116059E-004   1.4110572868403173     
   1.0282252670151770       -9.2396226795963927E-005   1.4113825030328668     
   1.0265521243526901        4.5776382477178208E-005   1.4105750733585989     
   1.0274700636596534       -1.5063413013282414E-005   1.4110030888768748     
   1.0014854946206688        1.0879143656542481E-005   1.4005833187046111     
  0.95376633643759867       -8.7843599245513355E-006   1.3815153189349640     
  0.96881915392134588        6.6807207201365146E-006   1.3875209808478182     
  0.99999999999999978        0.0000000000000000        1.3999999999999999     
   5.1160861620037110       0.99516563447424922        2.0489958488668982     
   5.1080096186267072       0.99158966738498733        2.0487220643398585     
   5.0610001839671117       0.97537148778199334        2.0476061185865571     
   4.9585372774726135       0.93770662383595316        2.0456752088491519     
   4.8167854326982953       0.88201212013911678        2.0447019957158279     
   4.6342761821422656       0.80729327488773672        2.0464171979613557     
   4.3956705367319096       0.70902906238037222        2.0492391523123916     
   4.0755753272939259       0.58533686557957665        2.0448932653379934     
   3.6211663595876771       0.43766991284194945        2.0107966309931213     
   2.9279887516516467       0.27017406825392443        1.9010214324067343     
   1.9238841669530216       0.10087974576054931        1.6686739210206594     
   1.1388595895633482        8.3190894029455901E-003   1.4472247464223937     
   1.0303165589765915        5.3843668788372155E-004   1.4115881869027529     
   1.0266587820419815       -1.8051927287275138E-004   1.4108440320896654     
   1.0269420457064422        6.8429512068724302E-005   1.4107083887705081     
   1.0273248638844534       -1.7366242584836431E-005   1.4109473117963662     
   1.0013684105207927        1.1924631341433217E-005   1.4005354395769756     
  0.95354537089372249       -9.0859592322363258E-006   1.3814272343167213     
  0.96876832971362048        6.5723625632099174E-006   1.3875007595228850     
  0.99999999999999978        0.0000000000000000        1.3999999999999999     
   4.8132122510403352       0.89648999145985087        2.0287945993171910     
   4.8043134285704330       0.89317934515169506        2.0285458154863312     
   4.7641375283000995       0.87814000039211804        2.0275149745963876     
   4.6730822628450186       0.84323254490365163        2.0260003596527856     
   4.5438598514011277       0.79164306123572903        2.0259008793235402     
   4.3739030698688550       0.72202984738757536        2.0275313805599664     
   4.1449577977989023       0.62990948428382576        2.0280736348357351     
   3.8285889531478148       0.51361349914492116        2.0178220821142046     
   3.3673989045269614       0.37481807523602401        1.9721414865747606     
   2.6569245899976957       0.21827443608806432        1.8444953999110141     
   1.6975571736670898        6.9913619488560397E-002   1.6091092499782755     
   1.0875881041518332        3.9897802274948798E-003   1.4310454614332384     
   1.0314314626508538        5.2148285023207873E-004   1.4120511022101094     
   1.0257609057157124       -1.8509380369930982E-004   1.4104894560899843     
   1.0270764290713474        6.1459589011599134E-005   1.4107691120395274     
   1.0272307725014018       -1.3841184403040033E-005   1.4109061501849638     
   1.0012013835175237        9.1829381902767939E-006   1.4004713704688192     
  0.95333378441041450       -6.7128186806183039E-006   1.3813402265828465     
  0.96869525621338792        4.7241880217971191E-006   1.3874733782973334     
  0.99999999999999978        0.0000000000000000        1.3999999999999999     
   4.5073736853830448       0.80332048982332871        1.9996289843250485     
   4.4993293781948562       0.80025979656759516        1.9994719547070012     
   4.4631811188602235       0.78637441036170397        1.9988980371817602     
   4.3815104762727550       0.75413650512732999        1.9984676853817598     
   4.2635635731621608       0.70618122758665269        1.9992442016782117     
   4.1033462128374509       0.64093023726232345        2.0004082478726568     
   3.8813438843189250       0.55421809457986693        1.9983194591477031     
   3.5661701909544874       0.44468093064379105        1.9817871457380039     
   3.0968564357139350       0.31440462285620818        1.9243379514293659     
   2.3752431692180469       0.16958563634606036        1.7805116313411584     
   1.4935800071028709        4.4690561534637602E-002   1.5527414413065108     
   1.0574232656625095        1.7805432222787517E-003   1.4211887630427251     
   1.0313526848085794        3.8268389446768805E-004   1.4121583900289640     
   1.0255273935874505       -1.3423161622287826E-004   1.4103451890512031     
   1.0270041059775332        3.8755734399063011E-005   1.4107628866566142     
   1.0271781912984679       -7.8029397447840760E-006   1.4108790794591319     
   1.0009975263317419        4.9559183436394874E-006   1.4003940546143532     
  0.95312359839653638       -3.4284243437836939E-006   1.3812528677829583     
  0.96860550988937533        2.3464515019442694E-006   1.3874398575042481     
  0.99999999999999978        0.0000000000000000        1.3999999999999999     
   4.2002020612816047       0.71654191209192453        1.9635389124207172     
   4.1930876323786714       0.71371447647574005        1.9635205764757286     
   4.1612284953974887       0.70089402841777726        1.9635973697412183     
   4.0879586513927570       0.67095000088755263        1.9642334596695503     
   3.9782072146957850       0.62595684031093068        1.9653260455673833     
   3.8249471661919578       0.56440739735227929        1.9655714691245036     
   3.6073195229252821       0.48247042994401113        1.9604573792261017     
   3.2913850321051861       0.37918972489120917        1.9373642879508655     
   2.8143267187174077       0.25730535237226521        1.8684253351146978     
   2.0964339210875798       0.12585431741632608        1.7127192510187059     
   1.3284640734256890        2.6272256574617049E-002   1.5051133727956585     
   1.0426266757490148        8.9016978086364556E-004   1.4161605005187423     
   1.0302720304704216        1.9914559256960077E-004   1.4119096665955990     
   1.0257097996822850       -6.7837201138213948E-005   1.4103517570740522     
   1.0268191309380703        1.5246561573268625E-005   1.4107124058136549     
   1.0271322562538758       -2.3996202838720215E-006   1.4108553021218342     
   1.0007649889710446        1.3296270360109818E-006   1.4003046659613818     
  0.95290127111766598       -7.4368137313097073E-007   1.3811612521284395     
  0.96850736786294522        4.5709788727028509E-007   1.3874024900472908     
  0.99999999999999978        0.0000000000000000        1.3999999999999999     
   3.8990508020177961       0.63685113965132378        1.9227691811557945     
   3.8927075008343315       0.63421508670422688        1.9228679136295057     
   3.8637729668740488       0.62220054435450622        1.9233086423951133     
   3.7954972915698875       0.59395365161160329        1.9242452650163517     
   3.6909522802711714       0.55132742197045148        1.9250534901380170     
   3.5421138478469989       0.49291508164390252        1.9239304574948970     
   3.3267636903490923       0.41524423744415412        1.9154612386954828     
   3.0089704696264752       0.31787798886353719        1.8857101989870528     
   2.5267988543145381       0.20453346898948527        1.8061860727363299     
   1.8358688139126205        8.8647446264119120E-002   1.6457000793009291     
   1.2104109152992495        1.4401813067796185E-002   1.4697625530519036     
   1.0367648007185797        6.1324190495357881E-004   1.4140926783824783     
   1.0289369150605532        5.3001332900716511E-005   1.4115217646913205     
   1.0260352134639446       -1.7446873056665928E-005   1.4104315322586345     
   1.0266653395030239        1.9918000342076420E-007   1.4106659366212062     
   1.0271111707828071        6.9814292358398156E-007   1.4108437701701992     
   1.0005457385186274       -6.6234827699585980E-007   1.4002189577557278     
  0.95266504619351378        6.5685666682755907E-007   1.3810653616207387     
  0.96840673415310774       -5.0433020479157173E-007   1.3873631979914478     
  0.99999999999999978        0.0000000000000000        1.3999999999999999     
   3.6062430239215484       0.56424930537159002        1.8782479041970292     
   3.6002400756090083       0.56173851176283784        1.8783575184807653     
   3.5727208802410497       0.55028518266679893        1.8788031694296210     
   3.5071992098800644       0.52332762242438335        1.8795520615276424     
   3.4057580808875008       0.48263282583389799        1.8796704065211023     
   3.2595609817378328       0.42693779184680136        1.8768866008483318     
   3.0453300405537260       0.35319100260804664        1.8649410136134437     
   2.7260990995376568       0.26162219794345637        1.8288174418716063     
   2.2451569145136050       0.15739036890625954        1.7406723968991824     
   1.6087951921245283        5.9127192146064232E-002   1.5843908847037471     
   1.1355232471308496        7.6477373858241061E-003   1.4465615614665157     
   1.0345280582982050        5.0547664454015382E-004   1.4133057466747418     
   1.0278341931096635       -1.9769326280924977E-005   1.4111534465701463     
   1.0261760814362626        6.4254147298219742E-006   1.4104640071597752     
   1.0264795665806614       -5.1738725157020074E-006   1.4105970005047803     
   1.0269895421797091        1.5730045249342360E-006   1.4107942438673586     
   1.0002598801589391       -1.1579074637628752E-006   1.4001051099710393     
  0.95239136990535933        9.4640841786755824E-007   1.3809556015537259     
  0.96830750478454242       -6.8543167488324112E-007   1.3873236873454919     
  0.99999999999999978        0.0000000000000000        1.3999999999999999     
   3.3235040817311328       0.49857422444741800        1.8308274082450351     
   3.3176874495461628       0.49615919839569356        1.8309157814227714     
   3.2909810701247677       0.48514576605270177        1.8312466619972052     
   3.2271601723767840       0.45924312481930857        1.8316209441314051     
   3.1277759206262523       0.42020892779427721        1.8309014404562238     
   2.9835139788238969       0.36698060718491038        1.8264249843446483     
   2.7706356294599250       0.29701757884596319        1.8112366729380067     
   2.4527682250963458       0.21141350738064393        1.7696937826578945     
   1.9849903976281549       0.11737641085163894        1.6766197481996230     
   1.4290591004836917        3.7816633865607394E-002   1.5338070063278693     
   1.0931261371840657        4.2257332783728722E-003   1.4330247215952534     
   1.0334496340457906        4.0074915959276950E-004   1.4129791044587234     
   1.0274714386444395       -3.3842650823229333E-005   1.4110224181085991     
   1.0264183772727244        1.0826220159853826E-005   1.4105565246889300     
   1.0265930021736418       -4.7417131260785295E-006   1.4106419425825829     
   1.0271005263351953        1.2567281137368543E-006   1.4108389538059645     
   1.0001505332820770       -8.8740008503251035E-007   1.4000611007129158     
  0.95214613846221929        6.9719356952975107E-007   1.3808577581913182     
  0.96820519643028402       -4.9689031676514379E-007   1.3872825754624303     
  0.99999999999999978        0.0000000000000000        1.3999999999999999     
   3.0550522329389778       0.43981805718601558        1.7822028359895756     
   3.0493825144740132       0.43748526614656891        1.7822677396430364     
   3.0233271057806204       0.42685312323396540        1.7824777190782828     
   2.9609393628795044       0.40188670081400801        1.7824890443377936     
   2.8634908231508787       0.36438246843929956        1.7810138608210520     
   2.7215471628118122       0.31353468825675623        1.7750841768679686     
   2.5116979002115611       0.24741465613237520        1.7572645039522494     
   2.2003915285751496       0.16819840210153544        1.7119582093285244     
   1.7614027414871525        8.5560925128311552E-002   1.6190001714665494     
   1.3007417228921536        2.3963043567484063E-002   1.4963336455893774     
   1.0700741245344256        2.6155438654079308E-003   1.4254141059483623     
   1.0318388382823471        2.9347002414690501E-004   1.4124420652887919     
   1.0268227955404197       -2.2870171236918084E-005   1.4107519883874047     
   1.0259498563043246        7.5361284605825080E-006   1.4103724063932692     
   1.0261125005671612       -2.7146037241608907E-006   1.4104477148305887     
   1.0265839487220887        6.9776705161969918E-007   1.4106328817217839     
  0.99956671723372525       -4.8588904616184391E-007   1.3998271727825362     
  0.95176001882962713        3.7780406911523751E-007   1.3807036297277817     
  0.96810631166143857       -2.6668712830328377E-007   1.3872427913517038     
  0.99999999999999978        0.0000000000000000        1.3999999999999999     
   2.8066300590388553       0.38798527980949649        1.7346667438060457     
   2.8011217293846529       0.38572910930996768        1.7347195824438935     
   2.7757952636719549       0.37545489018065592        1.7348632152881263     
   2.7150943966347043       0.35138281127513499        1.7346549473787467     
   2.6201726343441365       0.31538154974448313        1.7326875039931715     
   2.4818405125276981       0.26695175880511801        1.7257844462059613     
   2.2778958582473070       0.20486356293040819        1.7062947803685147     
   1.9800224597730274       0.13253733226071404        1.6594716516484969     
   1.5841611059296634        6.1894553290538654E-002   1.5717698890813268     
   1.2180995031990145        1.5650961665148160E-002   1.4715888396144576     
   1.0590353654084379        1.8411697283935240E-003   1.4217729764349816     
   1.0318599347256872        2.0995678221463288E-004   1.4125340171080603     
   1.0278163567877647       -9.8733574111769587E-006   1.4111364160725171     
   1.0269478415628741        3.7942926443070916E-006   1.4107753423325053     
   1.0271362155593855       -1.1567738105827887E-006   1.4108556429975647     
   1.0275614433593747        3.0793511777117158E-007   1.4110242694086321     
   1.0001100264252676       -2.1513564014348391E-007   1.4000442257057473     
  0.95168755792700210        1.6950023420250782E-007   1.3806748536705666     
  0.96799409909454792       -1.1853099947194532E-007   1.3871977581688186     
  0.99999999999999978        0.0000000000000000        1.3999999999999999     
   2.5837234422539650       0.34292855904825981        1.6905608178533262     
   2.5784136246833969       0.34074887633758372        1.6906165735357750     
   2.5539920309344462       0.33083381181867860        1.6907630005550998     
   2.4954322634869737       0.30767017241378025        1.6905027329810092     
   2.4038515814815136       0.27322315892293181        1.6883174736696736     
   2.2705614046636802       0.22733677299536897        1.6808877888701030     
   2.0752058292701117       0.16952418916651649        1.6605581425415281     
   1.7961778307302589       0.10442601237908704        1.6140451199130166     
   1.4492589808870271        4.5258144265452292E-002   1.5344454480893586     
   1.1630334073111315        1.0793631223447765E-002   1.4544197317010048     
   1.0496105808762402        1.4086115760196939E-003   1.4184356207744764     
   1.0287551616358259        1.5510819028620058E-004   1.4113469564640442     
   1.0255073168637789       -1.9930206872592497E-006   1.4102049197661988     
   1.0246364952371723        1.5776636721349485E-006   1.4098530204311968     
   1.0248496751027543       -3.6422512358784390E-007   1.4099402342662253     
   1.0252241692821442        1.1438729575875278E-007   1.4100895533255620     
  0.99808014585401506       -8.2432552022286612E-008   1.3992321407741581     
  0.95083079050346875        6.8698285842445786E-008   1.3803322475031017     
  0.96789494889153949       -4.7508738042425797E-008   1.3871580270653538     
  0.99999999999999978        0.0000000000000000        1.3999999999999999     
   2.3903353570586896       0.30414694630604672        1.6519871965174291     
   2.3852776899734160       0.30204432496142275        1.6520667510279436     
   2.3620105225275276       0.29249192032842586        1.6523122886825852     
   2.3062181062728468       0.27025130637780098        1.6522359361313379     
   2.2190492914996183       0.23739684292430724        1.6502228736755402     
   2.0925678042319023       0.19413163402969735        1.6428954876630635     
   1.9088514767324216       0.14071189198051998        1.6228286987124487     
   1.6536532543964149        8.2829061637266707E-002   1.5786322401212993     
   1.3568725159242867        3.3859071546323359E-002   1.5088899348233913     
   1.1337301649391038        7.9072932189713542E-003   1.4455847727566702     
   1.0494973417798041        1.1323926780321828E-003   1.4186665440338895     
   1.0327339040153292        1.2136770507608604E-004   1.4129721939010556     
   1.0300692157725064        1.7206109571723152E-006   1.4120259656980454     
   1.0291679798460132        5.5021626816408942E-007   1.4116666417221371     
   1.0293946411685717       -4.1684196477486489E-008   1.4117578981516252     
   1.0297318046720594        3.4259797267534888E-008   1.4118926876090265     
   1.0014441818502684       -2.7589082287946408E-008   1.4005777003291897     
  0.95171466252918224        2.6902129199669081E-008   1.3806858381095437     
  0.96778270096246677       -1.8288930211392573E-008   1.3871130986739169     
  0.99999999999999978        0.0000000000000000        1.3999999999999999     
   2.2239471145647713       0.27090818447578269        1.6186706613501258     
   2.2191246011043182       0.26888754952244298        1.6187622909192843     
   2.1969289079865435       0.25972062459538098        1.6190509385992364     
   2.1436790464759223       0.23845855013665004        1.6190130684537190     
   2.0605111368996472       0.20727811976840510        1.6169263349914538     
   1.9401601365111942       0.16671527005303460        1.6093487845514431     
   1.7670452169423361       0.11766575262523071        1.5891523341517038     
   1.5336833123623470        6.6509997165767748E-002   1.5469633277791710     
   1.2791263834774838        2.5959995364751885E-002   1.4856905580262416     
   1.1022483646366135        6.0306043579682065E-003   1.4348687414966772     
   1.0374557802260311        9.2292859391421571E-004   1.4140593834964983     
   1.0237281910125238        9.7860862097250834E-005   1.4093934155429122     
   1.0215255449777680        3.0359394499514893E-006   1.4086071820516572     
   1.0206660310418905        1.2741157290564340E-007   1.4082662850051832     
   1.0209210585115365        6.8607767299022234E-008   1.4083683547968473     
   1.0211871472859568        4.3816936715015698E-009   1.4084748545326891     
  0.99425271865366149       -6.9408000086309223E-009   1.3977010944022645     
  0.94890793178717647        1.0844836518671231E-008   1.3795631618700341     
  0.96763619644195109       -7.2369467141393060E-009   1.3870544858137273     
  0.99999999999999978        0.0000000000000000        1.3999999999999999     
   2.0870575493450430       0.24176312519517645        1.5930598945428407     
   2.0825473865027546       0.23982098617668590        1.5931979684244160     
   2.0617782516542742       0.23102414880035005        1.5936871518613596     
   2.0119442087811215       0.21070980726857522        1.5940678762438734     
   1.9342058300889955       0.18117087700987181        1.5925114550257264     
   1.8221811101433703       0.14328585720057205        1.5855865868567760     
   1.6630161920429756        9.8562230648767804E-002   1.5666442461684225     
   1.4552933450693939        5.3798365190286510E-002   1.5283189728374711     
   1.2413244583780645        2.0374442384888305E-002   1.4761553409663375     
   1.1007308719243649        4.7997291904985136E-003   1.4354926195792475     
   1.0494082038461823        7.7399097599673114E-004   1.4189892905624761     
   1.0379178116866417        8.2841536863250106E-005   1.4150842831377934     
   1.0360431278187319        3.4638325542331766E-006   1.4144137872949385     
   1.0351368793252913       -1.9082018527084864E-008   1.4140547708121352     
   1.0353581067995699        9.1174598042018874E-008   1.4141431515452298     
   1.0356125868106951       -4.4454238082516193E-009   1.4142450391697019     
   1.0061661849929133       -4.3142110792247404E-010   1.4024664744285864     
  0.95340300616865470        5.2828633938616270E-009   1.3813611971845985     
  0.96769239227148696       -3.4306474368658210E-009   1.3870769603392423     
  0.99999999999999978        0.0000000000000000        1.3999999999999999     
   1.9577812250379001       0.21648219315637118        1.5666302968587889     
   1.9534289224277113       0.21462972206024039        1.5667418469108441     
   1.9333755984640757       0.20625162198768013        1.5670986173979502     
   1.8852453045295061       0.18698236359128009        1.5671157582205224     
   1.8102591253330527       0.15917579915759919        1.5649278509756219     
   1.7027650762945843       0.12395626891124464        1.5571497616065890     
   1.5523527181930596        8.3249259182235316E-002   1.5376918280949885     
   1.3630815530445215        4.3970925835195331E-002   1.5012616953826132     
   1.1794804988557497        1.6175977363228969E-002   1.4556162221790709     
   1.0656198025808044        3.8364834875415496E-003   1.4224114375447803     
   1.0244729995221082        6.3843033217063155E-004   1.4091507694766727     
   1.0149314525266431        6.8627895692588653E-005   1.4059039531149646     
   1.0133567639578103        3.2156633804011219E-006   1.4053394899197438     
   1.0125231265282570       -6.9770431495224639E-008   1.4050093203817342     
   1.0128459244154133        8.7623178113853524E-008   1.4051382821429872     
   1.0130062523315231       -6.6948140144665468E-009   1.4052025076274233     
  0.98620609725891872        1.4503194315716572E-009   1.3944824374532481     
  0.94437502549753083        3.3112634652780142E-009   1.3777500068877488     
  0.96705838764330143       -2.1870153035537084E-009   1.3868233572443358     
  0.99999999999999978        0.0000000000000000        1.3999999999999999     
   1.8640231355519263       0.19245009557136225        1.5531591586494082     
   1.8600359614376312       0.19068261899842548        1.5533317655766270     
   1.8416464292229231       0.18270571355644907        1.5539528581327202     
   1.7974900129098033       0.16446600093388294        1.5545300042300383     
   1.7287885232924627       0.13843347704765668        1.5530819322693283     
   1.6308599214366133       0.10603960284680133        1.5463043657278439     
   1.4960065153111204        6.9626632916847037E-002   1.5287759732076012     
   1.3319717480320217        3.5896675545394774E-002   1.4968920236674139     
   1.1798271509420153        1.3085161541568883E-002   1.4588456988352372     
   1.0879936974114259        3.1851415211457757E-003   1.4320123374434246     
   1.0542016095841469        5.4746421443569013E-004   1.4211331796192230     
   1.0460686520011175        6.0379063902615423E-005   1.4183670817365444     
   1.0447088693316369        3.0772621555127876E-006   1.4178804704704993     
   1.0438362209103240       -6.1962007905557929E-008   1.4175345503261376     
   1.0440036659571148        7.0743408591306128E-008   1.4176013956394373     
   1.0441118376564633       -5.3168283043008648E-009   1.4176447403794137     
   1.0144199816875954        1.0660090912655303E-009   1.4057679916090291     
  0.95848820866065632        2.9412809233345280E-009   1.3833952805229817     
  0.96830589917229259       -1.9141867040714857E-009   1.3873223615831038     
  0.99999999999999978        0.0000000000000000        1.3999999999999999     
   1.7496784336824722       0.17290769582561499        1.5269636776473738     
   1.7457987478714512       0.17123458603760469        1.5270849131109758     
   1.7279032157977974       0.16369454314497012        1.5274667431741489     
   1.6849842289336545       0.14652072464540714        1.5274729669280547     
   1.6184699897634629       0.12218824693821630        1.5251997489671689     
   1.5245330424615307        9.2274572117871059E-002   1.5175386448667412     
   1.3977619307738607        5.9328534347268855E-002   1.4997762379622754     
   1.2492997387916593        2.9803423627813703E-002   1.4699164718888500     
   1.1185016439001363        1.0665450140318382E-002   1.4367352074197361     
   1.0427029084060133        2.6118196192160804E-003   1.4144693437431892     
   1.0149102484808323        4.5453415365423987E-004   1.4055095652386786     
   1.0081167059116063        5.0231187567437399E-005   1.4031964511770751     
   1.0069452101542713        2.5853022593752812E-006   1.4027754987594492     
   1.0060763029405917       -6.0382893840011111E-008   1.4024305815591305     
   1.0064763429493315        5.9409036220834927E-008   1.4025904777706963     
   1.0066674129528552       -4.6766639962567843E-009   1.4026669698578060     
  0.97795352753784870        8.8219412202888015E-010   1.3911814101329454     
  0.93652861574845925        2.6550488273329611E-009   1.3746114436443349     
  0.96517818389196486       -1.8280689752066607E-009   1.3860712753848550     
  0.99999999999999978        0.0000000000000000        1.3999999999999999     
   1.6875275438040471       0.15184288230637732        1.5231681352152415     
   1.6839905786129237       0.15027115367788615        1.5233250777672833     
   1.6676571699325455       0.14320675992122120        1.5238561080517969     
   1.6284772224125721       0.12723197235272227        1.5241589166123066     
   1.5679217118647220       0.10489564357759605        1.5222730411682928     
   1.4831879304500073        7.7986656841086063E-002   1.5152885153389168     
   1.3712749406889686        4.9205371016813403E-002   1.4993046052587740     
   1.2448021905726556        2.4344175189214983E-002   1.4735767010398473     
   1.1372834682611535        8.7291451471368381E-003   1.4461842421573246     
   1.0756838098404089        2.1912094833781860E-003   1.4280823144527854     
   1.0525971377204149        3.9005251572284886E-004   1.4206488025724431     
   1.0468076456152624        4.4204080471598337E-005   1.4186788541656334     
   1.0458141720805345        2.3744076059593877E-006   1.4183232944246078     
   1.0450530640722850       -4.1630554708239618E-008   1.4180212672594688     
   1.0452509130325571        4.5468193667397700E-008   1.4181003197448292     
   1.0449790611740166       -3.1656861834755503E-009   1.4179916276352929     
   1.0177391607071293        3.0996019255441780E-010   1.4070956639728915     
  0.96616146080808041        2.5288345105359054E-009   1.3864645817943977     
  0.97137538247822897       -1.6676214176458791E-009   1.3885501546589130     
  0.99999999999999978        0.0000000000000000        1.3999999999999999     
   1.5886339801023772       0.13736834032999268        1.4980852517109582     
   1.5853128708697461       0.13588459930041008        1.4982405490474884     
   1.5699710306580656       0.12922570297007205        1.4987627092931541     
   1.5332012940226325       0.11422713878271500        1.4990533788263380     
   1.4765439694110929        9.3409399441873084E-002   1.4972081883225641     
   1.3978205640388230        6.8626568755778744E-002   1.4905016568597504     
   1.2953796171821805        4.2612221373748850E-002   1.4755396254991233     
   1.1825721744812450        2.0733598130943352E-002   1.4522952716615547     
   1.0896120361456316        7.3764127013424248E-003   1.4284684017569103     
   1.0373675044791473        1.8642360063739248E-003   1.4130827657852849     
   1.0177141567980075        3.3398686974939049E-004   1.4067516758494536     
   1.0127637139081522        3.7962360921129836E-005   1.4050675232023397     
   1.0118873520805107        2.0242003472085058E-006   1.4047529166318571     
   1.0109109096212503       -3.6705000058985776E-008   1.4043644005535003     
   1.0111266213450589        3.8170819692865821E-008   1.4044506103672039     
   1.0116697951777853       -2.6388646826292117E-009   1.4046679207099788     
  0.97887156551603183        1.3003796102204486E-010   1.3915486260763748     
  0.92557185875712100        2.3650868246630918E-009   1.3702287411377616     
  0.95745520454607325       -1.6671506782530199E-009   1.3829820834855799     
  0.99999999999999978        0.0000000000000000        1.3999999999999999     
   1.5095419417957712       0.11697621013776695        1.4868405665805415     
   1.5063942339987599       0.11562390134365123        1.4869337922558528     
   1.4918626221629907       0.10957350993871755        1.4871715389264788     
   1.4571767262961903        9.6055878067430156E-002   1.4868148124510461     
   1.4042973479289720        7.7566481609202001E-002   1.4841524575623868     
   1.3323821451765661        5.6032760048138945E-002   1.4769200980224875     
   1.2421663671268981        3.4107314834258912E-002   1.4627592320165004     
   1.1475543740707921        1.6322683836236935E-002   1.4426990657920800     
   1.0729613555835373        5.7862629707948893E-003   1.4233982792626201     
   1.0318704933624201        1.4773710091198018E-003   1.4112708263358482     
   1.0163165311052622        2.6678336232295965E-004   1.4062598290797819     
   1.0123604474815244        3.0488910785179098E-005   1.4049136900818247     
   1.0116171244703298        1.6268255473391711E-006   1.4046452229625845     
   1.0108629588060447       -2.8542398663062612E-008   1.4043452120648166     
   1.0114461904637675        2.9901596173022443E-008   1.4045784462839108     
   1.0111258198260176       -2.0662138737402238E-009   1.4044503299966209     
  0.98422051709911029        5.4956082863881935E-011   1.3936882067846881     
  0.95002599767573215        1.9893363166986132E-009   1.3800103970809565     
  0.97321440428654704       -1.3782874575849894E-009   1.3892857630929063     
  0.99999999999999978        0.0000000000000000        1.3999999999999999     
   1.4541107043076165       0.10443978694038401        1.4772044947826626     
   1.4513387850946471       0.10318609998893882        1.4773494140489201     
   1.4385248340691419        9.7587972000722681E-002   1.4778219616269341     
   1.4079150665945943        8.5144047231544506E-002   1.4780219794062932     
   1.3612914819536788        6.8276123998017399E-002   1.4762404687834541     
   1.2981526018305534        4.8888679684608624E-002   1.4703723610476127     
   1.2197094381859648        2.9491347464184220E-002   1.4583924278102016     
   1.1385977592638667        1.4051074207450913E-002   1.4413880294980959     
   1.0753116939641718        5.0105016789589191E-003   1.4251141759067099     
   1.0403163501250923        1.2976447162757873E-003   1.4148288953337611     
   1.0268408309672079        2.3707328263422844E-004   1.4104992591042489     
   1.0233789927210968        2.7472474415618620E-005   1.4093241246140231     
   1.0227695443813198        1.4941045695389255E-006   1.4091063236479584     
   1.0220169743911478       -2.1899767838155383E-008   1.4088068116562269     
   1.0221017152605052        2.4775123582095019E-008   1.4088406613290785     
   1.0219480663194709       -1.5690602819233004E-009   1.4087792280968485     
  0.99502031810236591       -9.0879932731324041E-011   1.3980081273318263     
  0.94405061383105393        1.8218189612074086E-009   1.3776202437106027     
  0.96041407318005201       -1.2573755253716790E-009   1.3841656305293963     
  0.99999999999999978        0.0000000000000000        1.3999999999999999     
   1.4379441146828686        9.5136030177775291E-002   1.4800416156953722     
   1.4352043079305732        9.3947974729151798E-002   1.4801337484430774     
   1.4225564165240390        8.8654196878961561E-002   1.4803683697306540     
   1.3924671323214213        7.6952639375457710E-002   1.4800342135531108     
   1.3470350683575136        6.1247994454233394E-002   1.4775660328887721     
   1.2864345364643337        4.3451593644141362E-002   1.4711222209415922     
   1.2128062762629281        2.5962999790976975E-002   1.4591595107141944     
   1.1385878711970496        1.2297278218926951E-002   1.4431378702598929     
   1.0817856900108538        4.3922882289640728E-003   1.4283219877753774     
   1.0505529355321517        1.1461346470204522E-003   1.4190750395658402     
   1.0384649981784326        2.1079375942909846E-004   1.4151752055119440     
   1.0353641903522350        2.4612546784076022E-005   1.4141210635941099     
   1.0347825146288381        1.3520598667031255E-006   1.4139116537916685     
   1.0338861970228104       -1.7934865250418073E-008   1.4135544967439893     
   1.0341718972379554        2.1205106982990514E-008   1.4136687376900752     
   1.0344134423260676       -1.2929079084693263E-009   1.4137653782233350     
   1.0024132335626597       -1.3291681749811564E-010   1.4009652935579806     
  0.95120292110720062        1.6508006864943350E-009   1.3804811667920796     
  0.97314695039004306       -1.1327600549961181E-009   1.3892587812887773     
  0.99999999999999978        0.0000000000000000        1.3999999999999999     
   1.4379441146828686        9.5136030177775291E-002   1.4800416156953722     
   1.4352043079305732        9.3947974729151798E-002   1.4801337484430774     
   1.4225564165240390        8.8654196878961561E-002   1.4803683697306540     
   1.3924671323214213        7.6952639375457710E-002   1.4800342135531108     
   1.3470350683575136        6.1247994454233394E-002   1.4775660328887721     
   1.2864345364643337        4.3451593644141362E-002   1.4711222209415922     
   1.2128062762629281        2.5962999790976975E-002   1.4591595107141944     
   1.1385878711970496        1.2297278218926951E-002   1.4431378702598929     
   1.0817856900108538        4.3922882289640728E-003   1.4283219877753774     
   1.0505529355321517        1.1461346470204522E-003   1.4190750395658402     
   1.0384649981784326        2.1079375942909846E-004   1.4151752055119440     
   1.0353641903522350        2.4612546784076022E-005   1.4141210635941099     
   1.0347825146288381        1.3520598667031255E-006   1.4139116537916685     
   1.0338861970228104       -1.7934865250418073E-008   1.4135544967439893     
   1.0341718972379554        2.1205106982990514E-008   1.4136687376900752     
   1.0344134423260676       -1.2929079084693263E-009   1.4137653782233350     
   1.0024132335626597       -1.3291681749811564E-010   1.4009652935579806     
  0.95120292110720062        1.6508006864943350E-009   1.3804811667920796     
  0.97314695039004306       -1.1327600549961181E-009   1.3892587812887773     
  0.99999999999999978        0.0000000000000000        1.3999999999999999     
